10 0.45 0.61132 0.45 0.54892 0.45 0.485563 0.45 0.672763 0.45 0.341786 0.45 0.807836 0.45 0.167503 0.45 0.961153 0.45 -0.05326 0.45 1.14209;
9 0.61132 0.54892 0.485563 0.672763 0.341786 0.807836 0.167503 0.961153 -0.05326 1.14209 0.723416 0.432866 0.826394 0.321344 0.918928 0.216928 1.00332 0.118017 1.04114 0.071988;
8 0.549052 0.297052 0.673017 0.190259 0.808129 0.083991 0.961341 -0.024452 1.1425 -0.138745 0.43297 0.406901 0.322031 0.521893 0.217808 0.639739 0.1186 0.7626 0.072913 0.82312;
7 0.297036 0.663333 0.189892 0.736685 0.08386 0.800405 -0.024533 0.856034 -0.138817 0.904339 0.406646 0.579197 0.52151 0.480975 0.639432 0.367906 0.762298 0.232563 0.822678 0.156138;
6 0.663365 0.338405 0.736704 0.251444 0.800445 0.166058 0.856135 0.08185 0.904359 -0.000595 0.579304 0.426788 0.48101 0.517454 0.368075 0.608051 0.232583 0.700865 0.156268 0.746475;
5 0.338557 0.462799 0.25146 0.557844 0.166311 0.657806 0.08197 0.764515 -0.000336 0.877219 0.426991 0.373052 0.517608 0.287467 0.608193 0.207789 0.700972 0.131295 0.74648 0.095632;
4 0.462455 0.659465 0.557496 0.562466 0.657417 0.464406 0.764432 0.363544 0.876701 0.261994 0.372992 0.754123 0.287088 0.848381 0.207387 0.938942 0.130974 1.02883 0.095273 1.07232;
3 0.659222 0.499828 0.561817 0.598423 0.463499 0.694125 0.363297 0.787943 0.261212 0.879879 0.753756 0.400342 0.847338 0.297924 0.938088 0.194654 1.02785 0.088414 1.07155 0.035102;
2 0.500505 0.499495 0.598505 0.399515 0.694545 0.297576 0.788626 0.193677 0.880747 0.087818 0.400545 0.597515 0.298626 0.693576 0.194747 0.787677 0.088909 0.879818 0.035505 0.925404;
1 0.499495 0.45 0.399515 0.45 0.297576 0.45 0.193677 0.45 0.087818 0.45 0.597515 0.45 0.693576 0.45 0.787677 0.45 0.879818 0.45 0.925404 0.45;
